For n_clusters = 5

cluster_labels: [1 0 2 0 1 2 1 1 2 1 1 1 2 2 2 1 1 1 1 1 1 1 1 2 3 1 1 2 2 0 0 0 0 0 1 2 0
 1 2 0 1 0 0 0 1 1 0 0 1 0 1 0 0 1 2 1 0 1 2 0 1 0 1 2 1 0 0 0 2 2 0 1 0 2
 1 2 1 2 1 2 0 2 2 4 4 2 2 2 2 1 2 4 4 2 2 2 0 2 4 0 4 4 4 4 4 4 4 4 4 4 4
 4 4 4 4]


centroids: [[0.24599466 0.05324675 0.01543694 0.01889708 0.41836735 0.3987013
  0.69642857 0.80598456]
 [0.7823765  0.11480519 0.0155416  0.02462562 0.63673469 0.31948052
  0.58214286 0.86872587]
 [0.29333735 0.07507331 0.01140258 0.01722935 0.95391705 0.47507331
  0.64516129 0.70008718]
 [0.47663551 1.         1.         1.         0.42857143 0.96363636
  0.75       0.94594595]
 [0.63411215 0.1        0.01456044 0.02237937 0.72142857 0.52363636
  0.7125     0.23783784]]


 The average silhouette_score is : 0.2179976816981398

*************

For n_clusters = 10

cluster_labels: [8 1 3 1 2 3 6 2 3 6 2 2 3 3 3 2 6 2 2 8 8 8 6 3 4 2 2 2 3 1 1 1 1 1 6 3 1
 8 3 1 2 1 1 6 8 2 8 1 6 1 6 1 1 8 2 2 1 6 2 6 6 1 6 2 8 1 1 1 7 7 8 8 1 7
 6 7 6 7 8 7 1 0 0 0 0 7 7 7 7 8 7 0 0 7 7 7 9 7 9 9 5 5 0 0 7 9 9 0 0 0 5
 7 5 9 5]


centroids: [[0.71877655 0.05289256 0.01298701 0.01663894 0.97402597 0.51239669
  0.75       0.35626536]
 [0.20263381 0.06115702 0.01581752 0.01996672 0.42857143 0.38512397
  0.73295455 0.84889435]
 [0.75350467 0.07840909 0.00869963 0.01507903 0.91964286 0.38295455
  0.6796875  0.91554054]
 [0.19065421 0.04545455 0.01135531 0.01447587 1.         0.51636364
  0.575      0.95945946]
 [0.47663551 1.         1.         1.         0.42857143 0.96363636
  0.75       0.94594595]
 [0.76635514 0.12727273 0.01538462 0.02562396 0.42857143 0.73090909
  0.675      0.15135135]
 [0.80040053 0.11428571 0.01478284 0.02388876 0.42857143 0.38051948
  0.73214286 0.84942085]
 [0.25728422 0.1026738  0.01292825 0.02114124 0.91596639 0.39572193
  0.67647059 0.47376789]
 [0.64557872 0.11888112 0.01817413 0.02739025 0.53846154 0.31748252
  0.29807692 0.8045738 ]
 [0.31931464 0.11212121 0.02289377 0.03105935 0.4047619  0.38484848
  0.6875     0.23873874]]


 The average silhouette_score is : 0.24967441548571484

*************

For n_clusters = 20

cluster_labels: [ 6  7 11  7  3 13  9  3 13  9  3  3 13 11 11  3  1  3  3  1  6 16  6 13
  5 10 10 10 13  1  7  7  7  7 19  2  1 17 13  7  3  7 11  1  8  3 17 12
  9  1  9  7 15 16  2  2  7  9  2 15  9  7  9  2  6 12 12 12 11 11  6  8
  7 11  9  2  9  2  8 12  7  2  2  0  0 14 14 14  8  8  8  0  0 14 14 14
  4 14  4  4 18 18  0  0 14  4  4 14  0  0 18 14 18  4 18]


centroids: [[0.79088785 0.04545455 0.01236264 0.01539101 0.96428571 0.41363636
  0.75       0.33108108]
 [0.46261682 0.02727273 0.002442   0.00471436 0.45238095 0.43636364
  0.6875     0.92342342]
 [0.50986501 0.06464646 0.00814001 0.01331115 0.93650794 0.56969697
  0.75       0.72072072]
 [0.81412253 0.0989899  0.01322751 0.02107598 0.9047619  0.31111111
  0.72222222 0.95795796]
 [0.31931464 0.11212121 0.02289377 0.03105935 0.4047619  0.38484848
  0.6875     0.23873874]
 [0.47663551 1.         1.         1.         0.42857143 0.96363636
  0.75       0.94594595]
 [0.68971963 0.03636364 0.01391941 0.01597338 0.42857143 0.58545455
  0.35       0.86486486]
 [0.17972682 0.04475524 0.02056917 0.02278254 0.40659341 0.25874126
  0.74038462 0.86070686]
 [0.61370717 0.08484848 0.02106227 0.02689961 0.78571429 0.08181818
  0.375      0.58108108]
 [0.87538941 0.07878788 0.01119251 0.01737844 0.42857143 0.31717172
  0.75       0.81681682]
 [0.80373832 0.01212121 0.001221   0.00221852 1.         0.44848485
  0.45833333 0.94594595]
 [0.17489987 0.15844156 0.01988488 0.03256477 0.91836735 0.27792208
  0.75       0.84555985]
 [0.11775701 0.11272727 0.01575092 0.02462562 0.45714286 0.57454545
  0.725      0.73513514]
 [0.18380062 0.01212121 0.00549451 0.00610094 1.         0.61212121
  0.45833333 0.95495495]
 [0.23925234 0.08       0.00805861 0.01464226 0.95714286 0.49272727
  0.7        0.33513514]
 [0.48598131 0.03636364 0.0018315  0.00499168 0.42857143 0.91818182
  0.75       0.82432432]
 [0.75233645 0.42727273 0.02014652 0.05740433 0.78571429 0.21818182
  0.3125     0.87837838]
 [0.53271028 0.1        0.03021978 0.03660566 0.14285714 0.36363636
  0.         0.87837838]
 [0.76635514 0.12727273 0.01538462 0.02562396 0.42857143 0.73090909
  0.675      0.15135135]
 [0.6728972  0.83636364 0.0970696  0.16472546 0.42857143 0.32727273
  0.75       0.91891892]]


 The average silhouette_score is : 0.24442008301510432

*************

For n_clusters = 5

cluster_labels: [3 4 1 4 0 1 3 0 1 3 0 0 1 1 1 0 3 0 0 3 3 0 3 1 3 0 0 0 1 4 4 4 4 4 3 1 4
 3 1 4 0 4 4 4 0 0 4 4 3 4 0 4 4 0 0 0 4 3 0 3 3 4 3 1 3 4 4 4 1 1 3 3 4 1
 3 1 3 1 0 1 4 1 1 2 2 1 1 1 2 2 2 2 2 1 1 1 4 1 2 2 2 2 2 2 2 2 2 2 2 2 2
 2 2 2 2]


centroids: [[0.75700935 0.11090909 0.00961538 0.01888519 0.87857143 0.32636364
  0.61875    0.89864865]
 [0.24299065 0.07412587 0.01091857 0.01670293 0.96153846 0.4986014
  0.66346154 0.7016632 ]
 [0.61370717 0.09393939 0.01724664 0.02426511 0.72619048 0.45227273
  0.671875   0.26576577]
 [0.73925234 0.15272727 0.06584249 0.07379368 0.4        0.44090909
  0.575      0.85135135]
 [0.22205607 0.05527273 0.01655678 0.02009983 0.41714286 0.37381818
  0.705      0.83027027]]


 The average silhouette_score is : 0.20742485360731316

*************

For n_clusters = 10

cluster_labels: [6 8 0 8 5 0 1 5 0 1 5 5 0 0 0 7 1 5 5 1 6 7 6 0 4 5 5 5 0 8 8 8 8 8 1 0 8
 6 0 8 5 8 8 1 7 5 6 8 1 8 1 8 8 7 5 5 8 1 5 6 1 8 1 5 6 8 8 8 2 2 6 7 8 2
 1 2 1 2 7 2 8 3 3 3 3 2 2 2 7 7 7 3 3 2 2 2 9 2 9 9 6 3 3 3 2 9 9 3 3 3 9
 2 9 9 9]


centroids: [[0.19065421 0.04545455 0.01135531 0.01447587 1.         0.51636364
  0.575      0.95945946]
 [0.78432782 0.12167832 0.01606086 0.02572635 0.42857143 0.31608392
  0.73076923 0.85446985]
 [0.23115265 0.10181818 0.01050061 0.01885746 0.92380952 0.44121212
  0.71666667 0.47747748]
 [0.74143302 0.05151515 0.01190476 0.01552967 0.92857143 0.52878788
  0.75       0.3490991 ]
 [0.47663551 1.         1.         1.         0.42857143 0.96363636
  0.75       0.94594595]
 [0.74890966 0.07515152 0.00769231 0.01386578 0.92380952 0.40121212
  0.69166667 0.91171171]
 [0.65732087 0.05858586 0.01566952 0.01959697 0.36507937 0.59191919
  0.31944444 0.7987988 ]
 [0.66770509 0.16565657 0.02116402 0.03438713 0.79365079 0.11515152
  0.375      0.69069069]
 [0.20263381 0.06115702 0.01581752 0.01996672 0.42857143 0.38512397
  0.73295455 0.84889435]
 [0.44029076 0.12929293 0.02258852 0.03235348 0.41269841 0.49494949
  0.70833333 0.18018018]]


 The average silhouette_score is : 0.2573947274278912

*************

For n_clusters = 20

cluster_labels: [13  0 15  0  9 18  3 11 18  3  9 11  8 15  8 11  0  9 11  0 13  7 13 18
  6 14 11 14 14  5  0  0 17  0  7  2  5 12  8 17 11 17 15  0 19 11 12 17
  3  5  3  0  5  7  2  2 17  3  2  5  3 17  3  2 13 17 17 17 15 15 13  3
 17 15  3  2  3  2 19 16 17  2  2  1  1 16 16 16 19 19 19  1  1 16 16 16
  4 16  4  4 10 10  1  1 16  4  4 16  1  1 10 16 10  4 10]


centroids: [[0.34267913 0.03232323 0.01261701 0.01442041 0.41269841 0.25454545
  0.69444444 0.93993994]
 [0.79088785 0.04545455 0.01236264 0.01539101 0.96428571 0.41363636
  0.75       0.33108108]
 [0.50986501 0.06464646 0.00814001 0.01331115 0.93650794 0.56969697
  0.75       0.72072072]
 [0.85327103 0.08181818 0.01080586 0.01730449 0.42857143 0.3
  0.7125     0.8027027 ]
 [0.31931464 0.11212121 0.02289377 0.03105935 0.4047619  0.38484848
  0.6875     0.23873874]
 [0.42056075 0.04       0.0014652  0.00499168 0.45714286 0.70545455
  0.725      0.87027027]
 [0.47663551 1.         1.         1.         0.42857143 0.96363636
  0.75       0.94594595]
 [0.7258567  0.56363636 0.04578755 0.09317804 0.66666667 0.25454545
  0.45833333 0.89189189]
 [0.08099688 0.02424242 0.00671551 0.00831947 1.         0.7030303
  0.70833333 0.94594595]
 [0.894081   0.1030303  0.00610501 0.01497504 0.9047619  0.53939394
  0.75       0.98198198]
 [0.76635514 0.12727273 0.01538462 0.02562396 0.42857143 0.73090909
  0.675      0.15135135]
 [0.79973298 0.08311688 0.01439037 0.02067982 0.91836735 0.2025974
  0.67857143 0.94594595]
 [0.53271028 0.1        0.03021978 0.03660566 0.14285714 0.36363636
  0.         0.87837838]
 [0.68971963 0.03636364 0.01391941 0.01597338 0.42857143 0.58545455
  0.35       0.86486486]
 [0.63551402 0.01212121 0.001221   0.00221852 1.         0.56363636
  0.45833333 0.94594595]
 [0.20093458 0.17878788 0.02258852 0.03688297 0.9047619  0.24242424
  0.75       0.82432432]
 [0.2259983  0.07933884 0.00799201 0.01452125 0.93506494 0.50247934
  0.70454545 0.36117936]
 [0.12659303 0.07438017 0.02147852 0.02631977 0.4025974  0.38842975
  0.75       0.78378378]
 [0.14330218 0.01212121 0.00549451 0.00610094 1.         0.49090909
  0.29166667 0.97297297]
 [0.60560748 0.08       0.02380952 0.02895175 0.85714286 0.06909091
  0.375      0.56216216]]


 The average silhouette_score is : 0.24174670532307008

*************

For n_clusters = 5

cluster_labels: [0 3 1 3 0 1 0 0 1 0 0 0 1 1 1 0 3 0 0 3 0 0 0 1 2 0 0 0 1 3 3 3 3 3 0 1 3
 0 1 3 0 3 3 3 0 0 3 3 0 3 0 3 3 0 1 0 3 0 0 3 0 3 0 1 0 3 3 3 1 1 3 0 3 1
 0 1 0 1 0 1 3 1 1 0 0 1 1 1 1 0 1 1 4 1 1 1 4 1 4 4 4 4 4 4 4 4 4 4 4 4 4
 4 4 4 4]


centroids: [[0.79641324 0.11351351 0.01475101 0.02378918 0.68339768 0.34496314
  0.59121622 0.8422206 ]
 [0.27943925 0.07515152 0.01166056 0.01747088 0.95714286 0.46545455
  0.65       0.67927928]
 [0.47663551 1.         1.         1.         0.42857143 0.96363636
  0.75       0.94594595]
 [0.26635514 0.0525974  0.01373626 0.01729261 0.42346939 0.40844156
  0.6875     0.85328185]
 [0.56517462 0.10047847 0.01792944 0.02548384 0.63909774 0.4937799
  0.71052632 0.21052632]]


 The average silhouette_score is : 0.21640101423003338

*************

For n_clusters = 10

cluster_labels: [9 2 7 2 1 7 3 1 7 3 1 1 7 7 7 1 3 1 1 9 9 9 3 7 5 1 1 1 7 2 2 2 2 2 3 7 2
 9 7 2 1 2 2 3 6 1 9 2 3 2 3 2 2 6 1 1 2 3 1 3 3 2 3 1 9 2 2 2 7 7 9 9 2 7
 3 8 3 8 6 8 2 8 8 4 4 8 8 8 6 6 6 4 4 8 8 8 0 8 0 0 0 0 4 4 8 0 0 8 4 4 0
 8 0 0 0]


centroids: [[0.52251487 0.11900826 0.01948052 0.02858872 0.41558442 0.54214876
  0.68181818 0.1990172 ]
 [0.75350467 0.07840909 0.00869963 0.01507903 0.91964286 0.38295455
  0.6796875  0.91554054]
 [0.20263381 0.06115702 0.01581752 0.01996672 0.42857143 0.38512397
  0.73295455 0.84889435]
 [0.80040053 0.11428571 0.01478284 0.02388876 0.42857143 0.38051948
  0.73214286 0.84942085]
 [0.79088785 0.04545455 0.01236264 0.01539101 0.96428571 0.41363636
  0.75       0.33108108]
 [0.47663551 1.         1.         1.         0.42857143 0.96363636
  0.75       0.94594595]
 [0.60436137 0.13939394 0.02045177 0.03133666 0.85714286 0.08484848
  0.375      0.6036036 ]
 [0.1976995  0.08251748 0.01507467 0.02124664 0.97802198 0.45594406
  0.61538462 0.8981289 ]
 [0.29221184 0.07515152 0.00793651 0.01408763 0.94285714 0.54545455
  0.71666667 0.42342342]
 [0.63032191 0.1030303  0.01953602 0.02717693 0.3968254  0.41414141
  0.26388889 0.85885886]]


 The average silhouette_score is : 0.26212861120358055

*************

For n_clusters = 20

cluster_labels: [15  3  4  3  1 12  6  1 12  6 19  1 12  4 12  1  6  1  1  2 17 14 17 12
  9  1  1 19 12 18  3  3  3  3  5  4 18 15 12  3  1  3  3  6 14  1 15 18
  6 18  6  3 11 14 19 19  3 17 19 11 17  3  6  4  2 18 18 18  4  4 11  2
  3  4  2  4  6  4 14  0  3 16 16  7  7  0  0  8 14 14 14 16 16  8  0  8
 13  8 13 13 10 10  7  7  0 13 13 16  7  7 10  0 10 13 10]


centroids: [[0.28971963 0.09393939 0.00579976 0.01386578 0.88095238 0.53939394
  0.75       0.37837838]
 [0.83457944 0.07454545 0.01117216 0.01697171 0.94285714 0.28909091
  0.6625     0.95405405]
 [0.66121495 0.05       0.00457875 0.00873544 0.42857143 0.26363636
  0.46875    0.76351351]
 [0.17623498 0.04935065 0.01923077 0.02198716 0.42857143 0.25324675
  0.74107143 0.86293436]
 [0.30737279 0.13535354 0.01912902 0.02976521 0.95238095 0.35151515
  0.75       0.78078078]
 [0.6728972  0.83636364 0.0970696  0.16472546 0.42857143 0.32727273
  0.75       0.91891892]
 [0.81775701 0.06590909 0.01236264 0.0172629  0.42857143 0.28181818
  0.765625   0.86824324]
 [0.84579439 0.04848485 0.01556777 0.01858014 0.95238095 0.38787879
  0.75       0.3018018 ]
 [0.06308411 0.05       0.00778388 0.01164725 1.         0.40909091
  0.625      0.37837838]
 [0.47663551 1.         1.         1.         0.42857143 0.96363636
  0.75       0.94594595]
 [0.76635514 0.12727273 0.01538462 0.02562396 0.42857143 0.73090909
  0.675      0.15135135]
 [0.47663551 0.04242424 0.002442   0.00610094 0.42857143 0.86060606
  0.625      0.78378378]
 [0.16021362 0.01558442 0.00523286 0.00618018 1.         0.59480519
  0.5        0.95752896]
 [0.31931464 0.11212121 0.02289377 0.03105935 0.4047619  0.38484848
  0.6875     0.23873874]
 [0.64753004 0.17922078 0.02276295 0.03708106 0.83673469 0.11168831
  0.35714286 0.65250965]
 [0.56697819 0.09090909 0.03540904 0.04048808 0.23809524 0.39393939
  0.04166667 0.91891892]
 [0.56635514 0.05818182 0.00989011 0.01430948 1.         0.66181818
  0.75       0.42162162]
 [0.8364486  0.04545455 0.00549451 0.00915141 0.42857143 0.58636364
  0.59375    0.87162162]
 [0.23230975 0.08831169 0.01072737 0.01782743 0.42857143 0.56623377
  0.71428571 0.82239382]
 [0.6411215  0.08       0.0047619  0.01164725 0.85714286 0.56363636
  0.7        0.87027027]]


 The average silhouette_score is : 0.20523436331755046

*************

For n_clusters = 5

cluster_labels: [1 3 2 3 1 2 1 1 2 1 1 1 2 2 2 1 3 1 1 3 1 1 1 2 4 1 1 1 2 3 3 3 3 3 1 2 3
 1 2 3 1 3 3 3 1 1 3 3 1 3 1 3 3 1 2 1 3 1 1 3 1 3 1 2 1 3 3 3 2 2 3 1 3 2
 1 2 1 2 1 2 3 2 2 1 1 2 2 2 2 1 2 2 0 2 2 2 0 2 0 0 0 0 0 0 0 0 0 0 0 0 0
 0 0 0 0]


centroids: [[0.56517462 0.10047847 0.01792944 0.02548384 0.63909774 0.4937799
  0.71052632 0.21052632]
 [0.79641324 0.11351351 0.01475101 0.02378918 0.68339768 0.34496314
  0.59121622 0.8422206 ]
 [0.27943925 0.07515152 0.01166056 0.01747088 0.95714286 0.46545455
  0.65       0.67927928]
 [0.26635514 0.0525974  0.01373626 0.01729261 0.42346939 0.40844156
  0.6875     0.85328185]
 [0.47663551 1.         1.         1.         0.42857143 0.96363636
  0.75       0.94594595]]


 The average silhouette_score is : 0.21640101423003338

*************

For n_clusters = 10

cluster_labels: [1 5 9 5 4 9 8 4 9 8 4 4 9 9 9 4 8 4 4 1 1 1 8 9 7 4 4 4 9 5 5 5 5 5 8 9 5
 1 9 5 4 5 5 8 4 4 1 5 8 5 8 5 5 4 4 4 5 8 4 8 8 5 8 4 1 5 5 5 0 0 1 1 5 0
 8 0 8 0 3 0 5 0 0 3 3 0 0 0 3 3 3 3 3 0 0 0 6 0 6 6 2 2 3 3 0 6 6 0 3 3 2
 0 2 6 2]


centroids: [[0.28037383 0.0969697  0.01119251 0.01904234 0.93650794 0.4969697
  0.72222222 0.46846847]
 [0.63032191 0.1030303  0.01953602 0.02717693 0.3968254  0.41414141
  0.26388889 0.85885886]
 [0.76635514 0.12727273 0.01538462 0.02562396 0.42857143 0.73090909
  0.675      0.15135135]
 [0.73676012 0.06060606 0.01800977 0.02190793 0.92857143 0.29848485
  0.625      0.38288288]
 [0.73156802 0.0959596  0.00803826 0.0160843  0.91269841 0.35353535
  0.64583333 0.90690691]
 [0.20263381 0.06115702 0.01581752 0.01996672 0.42857143 0.38512397
  0.73295455 0.84889435]
 [0.31931464 0.11212121 0.02289377 0.03105935 0.4047619  0.38484848
  0.6875     0.23873874]
 [0.47663551 1.         1.         1.         0.42857143 0.96363636
  0.75       0.94594595]
 [0.80040053 0.11428571 0.01478284 0.02388876 0.42857143 0.38051948
  0.73214286 0.84942085]
 [0.19065421 0.04545455 0.01135531 0.01447587 1.         0.51636364
  0.575      0.95945946]]


 The average silhouette_score is : 0.2585804398110007

*************

For n_clusters = 20

cluster_labels: [16 13  6  2  0 18  5  0 18  5 14  0  4  4  4  0  2  0  0  2 12 19 12 18
  8 14  0 14 14 10  2 13 13 13 17  4 10 16  4 13  0 13  6  2  3  0 16 10
  5 10  5 13 10 19 14 14 13  5 14 12  5 13  5 14 12 10 10 10  4  4 12  3
 13  6  5 14  5  1  3  1 13  1  1 11 11  7  1  7  3  3  3 11 11  7  7  7
 15  7 15 15  9  9 11 11  7 15 15  7 11 11  9  7  9 15  9]


centroids: [[0.84008307 0.08282828 0.01200651 0.01848771 0.93650794 0.26666667
  0.69444444 0.95495495]
 [0.36635514 0.07272727 0.00842491 0.01430948 0.88571429 0.70545455
  0.75       0.56216216]
 [0.45607477 0.01454545 0.00879121 0.0093178  0.37142857 0.26909091
  0.7        0.95675676]
 [0.61370717 0.08484848 0.02106227 0.02689961 0.78571429 0.08181818
  0.375      0.58108108]
 [0.19359146 0.02337662 0.01282051 0.01378655 0.97959184 0.4961039
  0.73214286 0.87644788]
 [0.87538941 0.07878788 0.01119251 0.01737844 0.42857143 0.31717172
  0.75       0.81681682]
 [0.15576324 0.32727273 0.03052503 0.05768164 0.85714286 0.19393939
  0.75       0.85585586]
 [0.23156802 0.07878788 0.00752951 0.01405066 0.98412698 0.47474747
  0.69444444 0.32132132]
 [0.47663551 1.         1.         1.         0.42857143 0.96363636
  0.75       0.94594595]
 [0.76635514 0.12727273 0.01538462 0.02562396 0.42857143 0.73090909
  0.675      0.15135135]
 [0.24883178 0.08181818 0.00984432 0.01643095 0.42857143 0.61590909
  0.71875    0.82432432]
 [0.79088785 0.04545455 0.01236264 0.01539101 0.96428571 0.41363636
  0.75       0.33108108]
 [0.68411215 0.02909091 0.0047619  0.00698835 0.42857143 0.66909091
  0.475      0.82702703]
 [0.15463042 0.04958678 0.02131202 0.02389956 0.42857143 0.2677686
  0.73863636 0.84029484]
 [0.60124611 0.06262626 0.004477   0.00979848 0.9047619  0.52121212
  0.65277778 0.84984985]
 [0.31931464 0.11212121 0.02289377 0.03105935 0.4047619  0.38484848
  0.6875     0.23873874]
 [0.56697819 0.09090909 0.03540904 0.04048808 0.23809524 0.39393939
  0.04166667 0.91891892]
 [0.6728972  0.83636364 0.0970696  0.16472546 0.42857143 0.32727273
  0.75       0.91891892]
 [0.14330218 0.01212121 0.00549451 0.00610094 1.         0.49090909
  0.29166667 0.97297297]
 [0.75233645 0.42727273 0.02014652 0.05740433 0.78571429 0.21818182
  0.3125     0.87837838]]


 The average silhouette_score is : 0.23912513979354116

*************

For n_clusters = 5

cluster_labels: [4 2 1 2 0 1 4 0 1 4 4 0 1 1 1 0 4 0 0 4 4 4 4 1 4 0 0 0 1 2 2 2 2 2 4 1 2
 4 1 2 0 2 2 4 0 0 2 2 4 2 4 2 2 0 0 0 2 4 0 4 4 2 4 0 4 2 2 2 1 1 4 4 2 1
 4 1 4 1 0 1 2 1 3 0 0 1 3 1 0 0 0 3 3 1 1 1 2 1 3 3 3 3 3 3 3 3 3 3 3 3 3
 3 3 3 3]


centroids: [[0.73262901 0.08932806 0.01114827 0.01830283 0.91925466 0.30513834
  0.60326087 0.79318449]
 [0.21617229 0.07351779 0.01130753 0.01700065 0.9689441  0.47351779
  0.65217391 0.71797885]
 [0.20872274 0.05757576 0.01717033 0.020868   0.41666667 0.37727273
  0.703125   0.8277027 ]
 [0.56697819 0.0969697  0.01526252 0.02273988 0.69387755 0.53852814
  0.71428571 0.24195624]
 [0.74104361 0.1530303  0.05715812 0.06593178 0.43452381 0.42651515
  0.58854167 0.86148649]]


 The average silhouette_score is : 0.20454609220658587

*************

For n_clusters = 10

cluster_labels: [9 3 8 3 7 8 2 7 8 2 7 7 8 8 8 7 2 7 7 9 9 7 9 8 5 7 7 7 8 0 3 3 3 3 2 8 0
 9 8 3 7 3 3 2 7 7 9 0 2 0 2 3 0 7 7 7 3 2 7 0 2 3 2 7 9 0 0 0 1 1 9 9 3 1
 2 1 2 1 7 1 3 1 1 4 4 1 1 1 4 4 4 4 4 1 1 1 3 1 6 3 6 6 4 4 4 6 6 4 4 4 6
 1 6 6 6]


centroids: [[0.2886812  0.07676768 0.00875051 0.01497504 0.42857143 0.64444444
  0.72222222 0.82282282]
 [0.25934579 0.09886364 0.01110348 0.01913478 0.9375     0.49886364
  0.71875    0.5       ]
 [0.80607477 0.13030303 0.01724664 0.0275929  0.42857143 0.31666667
  0.75       0.84459459]
 [0.1875     0.04659091 0.02037546 0.02277454 0.41964286 0.24431818
  0.7421875  0.79391892]
 [0.69230769 0.05874126 0.01775148 0.02150262 0.93406593 0.34265734
  0.66346154 0.33887734]
 [0.47663551 1.         1.         1.         0.42857143 0.96363636
  0.75       0.94594595]
 [0.57943925 0.13939394 0.01750102 0.02865594 0.42857143 0.62222222
  0.66666667 0.17417417]
 [0.74065421 0.11363636 0.00952381 0.01905158 0.9        0.33636364
  0.6125     0.89459459]
 [0.19065421 0.04545455 0.01135531 0.01447587 1.         0.51636364
  0.575      0.95945946]
 [0.63239875 0.05656566 0.01546602 0.01922721 0.36507937 0.45656566
  0.29166667 0.85885886]]


 The average silhouette_score is : 0.23234135275009823

*************

For n_clusters = 20

cluster_labels: [ 2 17 15 17  6 13  8  6 13  8  7  6 13 13 13 12  8  6 12  2  2 12  8 13
  4  6  6  6 13  7 17 17 17 17 18  0  7 16 13 17  6 17 15  8 12  6  2  1
  8  7  8 17  7 12  0  7 17  8  0  7  8  1  8  0  2  1  1  1  0  0  7  2
 17 15  8  0  8 10 14  1  1 10 10  3  3 10 10 19 14 14 14  3  3 19 11 19
  5 19  5  5  9  9  3  3 11  5  5 11  3  3  9 11  9  5  9]


centroids: [[0.4459279  0.05714286 0.01229723 0.01640124 0.93877551 0.41038961
  0.75       0.76447876]
 [0.12550067 0.09090909 0.01491366 0.02186831 0.44897959 0.5012987
  0.73214286 0.72200772]
 [0.58878505 0.04242424 0.01617827 0.01858014 0.4047619  0.4
  0.29166667 0.86486486]
 [0.79088785 0.04545455 0.01236264 0.01539101 0.96428571 0.41363636
  0.75       0.33108108]
 [0.47663551 1.         1.         1.         0.42857143 0.96363636
  0.75       0.94594595]
 [0.31931464 0.11212121 0.02289377 0.03105935 0.4047619  0.38484848
  0.6875     0.23873874]
 [0.83385254 0.04444444 0.00630851 0.00979848 0.96825397 0.36161616
  0.65277778 0.94894895]
 [0.48714953 0.05909091 0.00343407 0.00852745 0.51785714 0.67954545
  0.6875     0.85472973]
 [0.8271028  0.06060606 0.00915751 0.01386578 0.42857143 0.34393939
  0.72916667 0.84684685]
 [0.76635514 0.12727273 0.01538462 0.02562396 0.42857143 0.73090909
  0.675      0.15135135]
 [0.42616822 0.07272727 0.00695971 0.01297837 0.94285714 0.69090909
  0.75       0.52972973]
 [0.35981308 0.10909091 0.00915751 0.01830283 0.96428571 0.52727273
  0.75       0.22972973]
 [0.70654206 0.25454545 0.01941392 0.04093178 0.82857143 0.15272727
  0.45       0.91351351]
 [0.16004673 0.01363636 0.00503663 0.00582363 1.         0.56136364
  0.53125    0.95945946]
 [0.62850467 0.09090909 0.02930403 0.03494176 0.85714286 0.06818182
  0.375      0.48648649]
 [0.15576324 0.32727273 0.03052503 0.05768164 0.85714286 0.19393939
  0.75       0.85585586]
 [0.77570093 0.2        0.03846154 0.05324459 0.         0.30909091
  0.         0.89189189]
 [0.18606627 0.04628099 0.02197802 0.02420209 0.4025974  0.24793388
  0.73863636 0.89189189]
 [0.6728972  0.83636364 0.0970696  0.16472546 0.42857143 0.32727273
  0.75       0.91891892]
 [0.06308411 0.05       0.00778388 0.01164725 1.         0.40909091
  0.625      0.37837838]]


 The average silhouette_score is : 0.21926068474671814

*************

