For n_clusters = 5

cluster_labels: [0 1 2 1 0 2 0 0 2 0 0 0 2 2 2 0 1 0 0 1 0 0 0 2 4 0 0 0 0 1 1 1 1 1 0 0 1
 0 2 1 0 1 1 1 0 0 0 1 0 1 0 1 1 0 2 0 1 0 0 1 0 1 0 2 0 1 1 1 2 2 1 0 1 2
 0 2 0 2 0 2 1 2 2 3 3 2 2 2 0 0 0 2 2 2 2 2 1 2 1 1 3 3 2 3 2 1 1 2 3 3 3
 2 3 1 3]


 The average silhouette_score is : 0.19865112599745108

*************

For n_clusters = 10

cluster_labels: [8 2 1 2 3 1 4 3 1 4 3 3 1 1 1 3 2 3 3 2 8 5 8 1 9 3 3 3 3 2 2 2 2 2 5 3 2
 8 1 2 3 2 2 2 5 3 8 2 4 2 4 2 2 5 1 3 2 4 3 2 4 2 4 1 8 2 2 2 1 1 2 8 7 1
 4 1 4 6 5 6 7 6 6 0 0 6 6 6 5 5 5 6 6 6 6 6 7 6 7 7 0 0 6 0 6 7 7 6 0 0 0
 6 0 7 0]


 The average silhouette_score is : 0.21561878460976902

*************

For n_clusters = 15

cluster_labels: [ 3  5  8  5 14  6  4 14  6  4 13 14  6  6  6 14  2 14 14  2  3  7  3  6
  9 13 14 13 13  2  5  5  5  5  7 13  2  3  6  5 14  5  5  2 12 14  3  5
  4  2  4  5  2  7  8 13  5  4 13  2  4  5  4  8  3  5  5  5  8  8  2  3
  1  8  4  8  4  0 12  0  1  0  0 10 10  0  0  0 12 12 12  0  0  0  0  0
  1  0  1  1 11 11  0 10  0  1  1  0 10 10 11  0 11  1 11]


 The average silhouette_score is : 0.2276119657241149

*************

For n_clusters = 5

cluster_labels: [0 1 2 1 0 2 0 0 2 0 0 0 2 2 2 0 1 0 0 1 0 0 0 2 4 0 0 0 0 1 1 1 1 1 0 0 1
 0 2 1 0 1 1 1 0 0 0 1 0 1 0 1 1 0 2 0 1 0 0 1 0 1 0 2 0 1 1 1 2 2 1 0 1 2
 0 2 0 2 0 2 1 2 2 3 3 2 2 2 0 0 0 2 2 2 2 2 1 2 1 1 3 3 2 3 2 1 1 2 3 3 3
 2 3 1 3]


 The average silhouette_score is : 0.19865112599745108

*************

For n_clusters = 10

cluster_labels: [8 2 1 2 3 1 4 3 1 4 3 3 1 1 1 3 2 3 3 2 8 5 8 1 9 3 3 3 3 2 2 2 2 2 5 3 2
 8 1 2 3 2 2 2 5 3 8 2 4 2 4 2 2 5 1 3 2 4 3 2 4 2 4 1 8 2 2 2 1 1 2 8 7 1
 4 1 4 6 5 6 7 6 6 0 0 6 6 6 5 5 5 6 6 6 6 6 7 6 7 7 0 0 6 0 6 7 7 6 0 0 0
 6 0 7 0]


 The average silhouette_score is : 0.21561878460976902

*************

For n_clusters = 15

cluster_labels: [ 3  5  8  5 14  6  4 14  6  4 13 14  6  6  6 14  2 14 14  2  3  7  3  6
  9 13 14 13 13  2  5  5  5  5  7 13  2  3  6  5 14  5  5  2 12 14  3  5
  4  2  4  5  2  7  8 13  5  4 13  2  4  5  4  8  3  5  5  5  8  8  2  3
  1  8  4  8  4  0 12  0  1  0  0 10 10  0  0  0 12 12 12  0  0  0  0  0
  1  0  1  1 11 11  0 10  0  1  1  0 10 10 11  0 11  1 11]


 The average silhouette_score is : 0.2276119657241149

*************

For n_clusters = 5

cluster_labels: [0 1 2 1 0 2 0 0 2 0 0 0 2 2 2 0 1 0 0 1 0 0 0 2 4 0 0 0 0 1 1 1 1 1 0 0 1
 0 2 1 0 1 1 1 0 0 0 1 0 1 0 1 1 0 2 0 1 0 0 1 0 1 0 2 0 1 1 1 2 2 1 0 1 2
 0 2 0 2 0 2 1 2 2 3 3 2 2 2 0 0 0 2 2 2 2 2 1 2 1 1 3 3 2 3 2 1 1 2 3 3 3
 2 3 1 3]


 The average silhouette_score is : 0.19865112599745108

*************

For n_clusters = 10

cluster_labels: [8 2 1 2 3 1 4 3 1 4 3 3 1 1 1 3 2 3 3 2 8 5 8 1 9 3 3 3 3 2 2 2 2 2 5 3 2
 8 1 2 3 2 2 2 5 3 8 2 4 2 4 2 2 5 1 3 2 4 3 2 4 2 4 1 8 2 2 2 1 1 2 8 7 1
 4 1 4 6 5 6 7 6 6 0 0 6 6 6 5 5 5 6 6 6 6 6 7 6 7 7 0 0 6 0 6 7 7 6 0 0 0
 6 0 7 0]


 The average silhouette_score is : 0.21561878460976902

*************

For n_clusters = 15

cluster_labels: [ 3  5  8  5 14  6  4 14  6  4 13 14  6  6  6 14  2 14 14  2  3  7  3  6
  9 13 14 13 13  2  5  5  5  5  7 13  2  3  6  5 14  5  5  2 12 14  3  5
  4  2  4  5  2  7  8 13  5  4 13  2  4  5  4  8  3  5  5  5  8  8  2  3
  1  8  4  8  4  0 12  0  1  0  0 10 10  0  0  0 12 12 12  0  0  0  0  0
  1  0  1  1 11 11  0 10  0  1  1  0 10 10 11  0 11  1 11]


 The average silhouette_score is : 0.2276119657241149

*************

For n_clusters = 5

cluster_labels: [0 1 2 1 0 2 0 0 2 0 0 0 2 2 2 0 1 0 0 1 0 0 0 2 4 0 0 0 0 1 1 1 1 1 0 0 1
 0 2 1 0 1 1 1 0 0 0 1 0 1 0 1 1 0 2 0 1 0 0 1 0 1 0 2 0 1 1 1 2 2 1 0 1 2
 0 2 0 2 0 2 1 2 2 3 3 2 2 2 0 0 0 2 2 2 2 2 1 2 1 1 3 3 2 3 2 1 1 2 3 3 3
 2 3 1 3]


 The average silhouette_score is : 0.19865112599745108

*************

For n_clusters = 10

cluster_labels: [8 2 1 2 3 1 4 3 1 4 3 3 1 1 1 3 2 3 3 2 8 5 8 1 9 3 3 3 3 2 2 2 2 2 5 3 2
 8 1 2 3 2 2 2 5 3 8 2 4 2 4 2 2 5 1 3 2 4 3 2 4 2 4 1 8 2 2 2 1 1 2 8 7 1
 4 1 4 6 5 6 7 6 6 0 0 6 6 6 5 5 5 6 6 6 6 6 7 6 7 7 0 0 6 0 6 7 7 6 0 0 0
 6 0 7 0]


 The average silhouette_score is : 0.21561878460976902

*************

For n_clusters = 15

cluster_labels: [ 3  5  8  5 14  6  4 14  6  4 13 14  6  6  6 14  2 14 14  2  3  7  3  6
  9 13 14 13 13  2  5  5  5  5  7 13  2  3  6  5 14  5  5  2 12 14  3  5
  4  2  4  5  2  7  8 13  5  4 13  2  4  5  4  8  3  5  5  5  8  8  2  3
  1  8  4  8  4  0 12  0  1  0  0 10 10  0  0  0 12 12 12  0  0  0  0  0
  1  0  1  1 11 11  0 10  0  1  1  0 10 10 11  0 11  1 11]


 The average silhouette_score is : 0.2276119657241149

*************

For n_clusters = 5

cluster_labels: [0 1 2 1 0 2 0 0 2 0 0 0 2 2 2 0 1 0 0 1 0 0 0 2 4 0 0 0 0 1 1 1 1 1 0 0 1
 0 2 1 0 1 1 1 0 0 0 1 0 1 0 1 1 0 2 0 1 0 0 1 0 1 0 2 0 1 1 1 2 2 1 0 1 2
 0 2 0 2 0 2 1 2 2 3 3 2 2 2 0 0 0 2 2 2 2 2 1 2 1 1 3 3 2 3 2 1 1 2 3 3 3
 2 3 1 3]


 The average silhouette_score is : 0.19865112599745108

*************

For n_clusters = 10

cluster_labels: [8 2 1 2 3 1 4 3 1 4 3 3 1 1 1 3 2 3 3 2 8 5 8 1 9 3 3 3 3 2 2 2 2 2 5 3 2
 8 1 2 3 2 2 2 5 3 8 2 4 2 4 2 2 5 1 3 2 4 3 2 4 2 4 1 8 2 2 2 1 1 2 8 7 1
 4 1 4 6 5 6 7 6 6 0 0 6 6 6 5 5 5 6 6 6 6 6 7 6 7 7 0 0 6 0 6 7 7 6 0 0 0
 6 0 7 0]


 The average silhouette_score is : 0.21561878460976902

*************

For n_clusters = 15

cluster_labels: [ 3  5  8  5 14  6  4 14  6  4 13 14  6  6  6 14  2 14 14  2  3  7  3  6
  9 13 14 13 13  2  5  5  5  5  7 13  2  3  6  5 14  5  5  2 12 14  3  5
  4  2  4  5  2  7  8 13  5  4 13  2  4  5  4  8  3  5  5  5  8  8  2  3
  1  8  4  8  4  0 12  0  1  0  0 10 10  0  0  0 12 12 12  0  0  0  0  0
  1  0  1  1 11 11  0 10  0  1  1  0 10 10 11  0 11  1 11]


 The average silhouette_score is : 0.2276119657241149

*************

