For n_clusters = 2

centroids: [[0.         0.2582007  0.21849823 0.05832838 0.52521427 0.64391839
  0.08883363]
 [0.         0.77682089 0.21964171 0.05404825 0.4990723  0.64633077
  0.0784333 ]]


The average silhouette_score is : 0.34538905126322283

*************

For n_clusters = 7

centroids: [[0.         0.33067781 0.20198511 0.14358747 0.81954094 0.742134
  0.47250777]
 [0.         0.27416726 0.20817568 0.05410699 0.50122466 0.63552365
  0.05430404]
 [0.         0.78327068 0.21301299 0.03994398 0.25451299 0.64402597
  0.02736023]
 [0.         0.25431447 0.21464577 0.03788284 0.18123824 0.64559248
  0.0248944 ]
 [0.         0.43098312 0.92188679 0.03934562 0.82617925 0.645
  0.01692956]
 [0.         0.24375165 0.20763819 0.06616539 0.81388191 0.63095477
  0.11290475]
 [0.         0.77536515 0.20896691 0.06522666 0.73880824 0.6442944
  0.11594045]]


The average silhouette_score is : 0.3235641169080515

*************

For n_clusters = 18

centroids: [[0.         0.78336262 0.20725689 0.05710062 0.6201016  0.64174165
  0.06989788]
 [0.         0.15276093 0.20301075 0.04487706 0.37699693 0.63599078
  0.03080258]
 [0.         0.78929611 0.20329285 0.04584279 0.38292848 0.63292848
  0.0329287 ]
 [0.         0.14530237 0.20911175 0.06726754 0.84419771 0.63273639
  0.11802519]
 [0.         0.77167557 0.21185185 0.06416467 0.85954106 0.62758454
  0.10938575]
 [0.         0.39811383 0.20431925 0.05160462 0.44256651 0.62649452
  0.03860149]
 [0.         0.38965362 0.20984615 0.058309   0.67324786 0.62080342
  0.07021604]
 [0.         0.38324129 0.20796574 0.07208237 0.88415418 0.64017131
  0.15399548]
 [0.         0.2494229  0.20070175 0.1511394  0.88135965 0.73241228
  0.48602751]
 [0.         0.43353228 0.95546392 0.03914756 0.82371134 0.64731959
  0.01544512]
 [0.         0.14385965 0.21261789 0.05549184 0.60520325 0.63458537
  0.06028604]
 [0.         0.76868421 0.2056     0.12878375 0.791625   0.7417
  0.42833906]
 [0.         0.24009288 0.21623529 0.11374013 0.55455882 0.76829412
  0.35636866]
 [0.         0.14390289 0.20133803 0.0369336  0.1446743  0.62978873
  0.02269399]
 [0.         0.78426227 0.20410112 0.03708825 0.14315309 0.62686798
  0.02310982]
 [0.         0.75578947 0.39306667 0.00550571 0.04       0.94853333
  0.00226523]
 [0.         0.3938543  0.20329268 0.03977989 0.17294207 0.62045732
  0.0243784 ]
 [0.         0.13547758 0.44592593 0.00688939 0.04598765 0.93950617
  0.00279305]]


The average silhouette_score is : 0.25634542381853165

*************

